#Layer	start_x	start_y	end_x	end_y
0	0.000599926	0.01150079	0.000615109	0.01152417
1	0.0006989756	0.01146971	0.0006332836	0.01136855
2	0.000673645	0.01124709	0.0007828426	0.01141525
3	0.0008667097	0.01136078	0.000714006	0.01112564
4	0.0007543669	0.01100418	0.0009505763	0.01130632
5	0.001034444	0.01125185	0.0007947283	0.01088272
6	0.0008350954	0.01076127	0.00111831	0.01119739
7	0.001202178	0.01114293	0.0008754568	0.01063982
8	0.0009158173	0.01051836	0.001286045	0.01108846
9	0.001369911	0.011034	0.0009561786	0.0103969
10	0.0009965401	0.01027545	0.001453778	0.01097953
11	0.001537645	0.01092507	0.001036902	0.01015399
12	0.001081653	0.01003929	0.001621512	0.01087061
13	0.001705379	0.01081614	0.001128833	0.009928336
14	0.001176018	0.009817388	0.001789246	0.01076168
15	0.001873113	0.01070721	0.001223198	0.00970643
16	0.001270379	0.009595474	0.00195698	0.01065275
17	0.002040847	0.01059829	0.001317559	0.009484518
18	0.001364745	0.00937357	0.002124714	0.01054382
19	0.002208582	0.01048936	0.001411924	0.009262612
20	0.001459105	0.009151655	0.002292449	0.0104349
21	0.002376316	0.01038043	0.001506291	0.009040708
22	0.001553471	0.008929752	0.002460182	0.01032597
23	0.002544049	0.0102715	0.00160387	0.008823751
24	0.00165715	0.008722187	0.002627917	0.01021704
25	0.002627917	0.01021704	0.002628084	0.01021729
26	0.002672007	0.01010132	0.00171043	0.008620623
27	0.001763711	0.00851906	0.002720451	0.009992311
28	0.002770778	0.009886201	0.001816996	0.008417504
29	0.001870276	0.008315941	0.002821112	0.0097801
30	0.002871446	0.009674	0.001923556	0.008214378
31	0.001976836	0.008112813	0.002921774	0.00956789
32	0.002972108	0.009461789	0.002030117	0.00801125
33	0.002083396	0.007909686	0.003022433	0.009355694
34	0.003072769	0.009249579	0.002136677	0.007808123
35	0.002189957	0.007706559	0.003123104	0.009143478
36	0.003173431	0.009037369	0.002248052	0.007612409
37	0.002306898	0.007519417	0.003226161	0.008934959
38	0.003282273	0.008837756	0.00236575	0.007426433
39	0.002424601	0.007333449	0.003338381	0.008740545
40	0.003394487	0.008643334	0.002483453	0.007240465
41	0.002542299	0.007147472	0.003450594	0.008546122
42	0.003506707	0.008448921	0.002601151	0.007054488
43	0.002660003	0.006961504	0.003562813	0.00835171
44	0.00361892	0.008254498	0.002718855	0.00686852
45	0.002777701	0.006775528	0.003675032	0.008157296
46	0.003731139	0.008060086	0.002836553	0.006682543
47	0.002895405	0.006589559	0.003787246	0.007962873
48	0.003846827	0.007871014	0.002957906	0.006502194
49	0.003021917	0.006417163	0.003908252	0.007781999
50	0.003969688	0.007692988	0.003085939	0.006332138
51	0.003149959	0.006247112	0.004031114	0.007603972
52	0.004092546	0.007514965	0.003213978	0.006162088
53	0.003277999	0.006077063	0.004153974	0.007425947
54	0.004215408	0.007336938	0.00334202	0.005992038
55	0.003406041	0.005907013	0.004276838	0.00724792
56	0.00433827	0.007158912	0.003470061	0.005821987
57	0.00353408	0.005736963	0.004399696	0.007069896
58	0.004461125	0.006980878	0.003598101	0.005651937
59	0.003662116	0.005566904	0.004524856	0.006895408
60	0.004591267	0.006814066	0.003726796	0.005482893
61	0.003795686	0.005405366	0.004657688	0.006732729
62	0.004724096	0.006651388	0.003864574	0.00532784
63	0.003933464	0.005250312	0.004790512	0.006570054
64	0.004856926	0.006488708	0.004002354	0.005172785
65	0.004071238	0.005095248	0.004923343	0.006407374
66	0.004989754	0.006326031	0.004140127	0.005017721
67	0.004209016	0.004940194	0.005056169	0.006244697
68	0.005122587	0.006163361	0.004277906	0.004862667
69	0.004346799	0.004785138	0.005189002	0.006082016
70	0.005255418	0.006000681	0.004415683	0.004707601
71	0.004484572	0.004630074	0.005326345	0.00592629
72	0.005397489	0.005852235	0.004553461	0.004552546
73	0.004623441	0.004476697	0.005468639	0.005778188
74	0.005539783	0.005704132	0.004696992	0.004406349
75	0.00477053	0.004335998	0.005610919	0.005630083
76	0.005682077	0.005556031	0.004844085	0.004265635
77	0.00491763	0.004195279	0.005753221	0.005481975
78	0.005824366	0.005407921	0.004991177	0.004124922
79	0.005064723	0.004054565	0.005895515	0.005333873
80	0.005966651	0.005259824	0.005138266	0.003984222
81	0.005211821	0.00391386	0.006037804	0.005185762
82	0.006109809	0.005113033	0.005285367	0.003843504
83	0.005358913	0.003773147	0.006185501	0.005045981
84	0.006261198	0.004978936	0.005432459	0.00370279
85	0.005506005	0.003632433	0.006336882	0.004911889
86	0.006412588	0.00484484	0.00557996	0.003562706
87	0.005658027	0.00349931	0.006488279	0.004777788
88	0.006563968	0.00471075	0.005736079	0.003435911
89	0.005814155	0.00337251	0.00663967	0.004643691
90	0.006715358	0.004576652	0.005892207	0.003309111
91	0.005970282	0.00324571	0.006791058	0.004509595
92	0.006866756	0.004442551	0.006048349	0.003182314
93	0.006126402	0.003118915	0.00694244	0.004375504
94	0.007019221	0.004310129	0.006204478	0.003055515
95	0.006282535	0.002992124	0.007099452	0.004250049
96	0.007184047	0.004196723	0.006360597	0.00292872
97	0.006438671	0.002865319	0.007271887	0.004148359
98	0.007362985	0.004105047	0.006516724	0.00280192
99	0.006594799	0.002738519	0.007457583	0.004067091
100	0.00755706	0.004036663	0.006675872	0.002679753
101	0.006757754	0.00262225	0.007660393	0.004012174
102	0.007767943	0.003994197	0.006839658	0.002564745
103	0.006921548	0.002507236	0.007880235	0.003983503
104	0.007997976	0.003981182	0.007003429	0.002449733
105	0.007085328	0.00239222	0.008122094	0.003988718
106	0.008254045	0.004008279	0.007167209	0.002334717
107	0.007249109	0.002277203	0.008396029	0.004043323
108	0.008551403	0.004098954	0.007330998	0.002219695
109	0.007413407	0.002163005	0.008725879	0.004184034
110	0.008944212	0.00433663	0.007499244	0.002111555
111	0.007588941	0.002066088	0.009840481	0.005533147
112	0.009924348	0.005478683	0.007682008	0.002025789
113	0.007778581	0.001990891	0.01000821	0.00542422
114	0.01009208	0.005369756	0.007878883	0.001961716
115	0.007984467	0.001940712	0.01017595	0.005315291
116	0.01025982	0.005260827	0.008094444	0.001926454
117	0.008209405	0.001919869	0.01034368	0.005206364
118	0.01042755	0.0051519	0.008330138	0.001922175
119	0.008457734	0.001935049	0.01051142	0.005097437
120	0.01059528	0.005042973	0.00859381	0.00196098
121	0.008740823	0.002003751	0.01067915	0.004988509
122	0.01076302	0.004934045	0.008902797	0.002069561
123	0.00909429	0.002180827	0.01070016	0.004653655
124	0.009744837	0.002998974	0.009367484	0.002417902
125	6.554317E-05	0.01545172	0.0005770135	0.01623932
126	0.0007909398	0.01638513	1.962233E-05	0.0151974
127	1.406002E-05	0.01500523	0.0009626035	0.01646585
128	0.001116619	0.01651941	2.58708E-05	0.01483981
129	4.024219E-05	0.01467833	0.001257674	0.01655301
130	0.001388979	0.01657159	5.461359E-05	0.01451685
131	6.898403E-05	0.01435537	0.001512604	0.01657835
132	0.001632473	0.01657932	8.335543E-05	0.01419389
133	9.772682E-05	0.01403242	0.001751741	0.01657937
134	0.001870955	0.01657934	0.0001195049	0.01388234
135	0.0001430807	0.01373504	0.001990223	0.01657939
136	0.002109437	0.01657936	0.0001666555	0.01358773
137	0.000190177	0.01344034	0.002228651	0.01657932
138	0.002347921	0.01657937	0.0002137527	0.01329304
139	0.0002373281	0.01314573	0.002467134	0.01657934
140	0.002586403	0.01657939	0.000260849	0.01299835
141	0.0002844248	0.01285104	0.002705617	0.01657935
142	0.002824832	0.01657932	0.0003080001	0.01270374
143	0.0003391462	0.01256809	0.0029441	0.01657937
144	0.003063314	0.01657933	0.0003717079	0.01243462
145	0.0004043245	0.01230124	0.001870711	0.01455928
146	0.001870711	0.01455928	0.001941623	0.01466847
147	0.001941623	0.01466847	0.003182582	0.01657938
148	0.003301797	0.01657935	0.002286426	0.01501582
149	0.00169473	0.01410468	0.0004369407	0.01216786
150	0.0004695039	0.01203439	0.001663624	0.01387318
151	0.002485158	0.01513823	0.003421011	0.01657932
152	0.00354028	0.01657937	0.002654316	0.0152151
153	0.001663399	0.01368922	0.00050212	0.01190101
154	0.0005347366	0.01176763	0.001680494	0.01353194
155	0.002803104	0.01526061	0.003659494	0.01657933
156	0.003778762	0.01657938	0.00294089	0.01528917
157	0.00170957	0.0133931	0.0005673533	0.01163424
158	0.000615109	0.01152417	0.001738101	0.01325343
159	0.003070016	0.0153044	0.003897976	0.01657934
160	0.004017191	0.01657931	0.003192499	0.0153094
161	0.001766579	0.01311367	0.0006989756	0.01146971
162	0.0007828426	0.01141525	0.001795056	0.01297392
163	0.003311712	0.01530936	0.004136459	0.01657936
164	0.004255674	0.01657933	0.003430927	0.01530933
165	0.001823588	0.01283424	0.0008667097	0.01136078
166	0.0009505763	0.01130632	0.001852065	0.01269449
167	0.003550195	0.01530938	0.004374941	0.01657938
168	0.004494156	0.01657934	0.003669409	0.01530934
169	0.001880542	0.01255473	0.001034444	0.01125185
170	0.00111831	0.01119739	0.00190902	0.01241497
171	0.003788678	0.01530939	0.004613425	0.01657939
172	0.00473264	0.01657936	0.003907893	0.01530936
173	0.001942399	0.01228277	0.001202178	0.01114293
174	0.001286045	0.01108846	0.001979155	0.01215576
175	0.004027105	0.01530933	0.004851853	0.01657932
176	0.004971122	0.01657937	0.004146375	0.01530938
177	0.00201591	0.01202875	0.001369911	0.011034
178	0.001453778	0.01097953	0.002052666	0.01190174
179	0.004265589	0.01530934	0.005090336	0.01657934
180	0.005209604	0.01657939	0.004384857	0.01530939
181	0.002089422	0.01177473	0.001537645	0.01092507
182	0.001621512	0.01087061	0.002126178	0.01164772
183	0.004504071	0.01530936	0.005328818	0.01657936
184	0.005448032	0.01657932	0.004623285	0.01530932
185	0.002162989	0.0115208	0.001705379	0.01081614
186	0.001789246	0.01076168	0.002199744	0.01139379
187	0.004742554	0.01530937	0.005567301	0.01657937
188	0.005686515	0.01657934	0.004861769	0.01530934
189	0.002236499	0.01126678	0.001873113	0.01070721
190	0.00195698	0.01065275	0.002276469	0.01114472
191	0.004981037	0.01530939	0.005805783	0.01657939
192	0.005924997	0.01657935	0.005100251	0.01530935
193	0.002320414	0.01102878	0.002040847	0.01059829
194	0.002124714	0.01054382	0.002364358	0.01091284
195	0.005219465	0.01530932	0.006044212	0.01657932
196	0.00616348	0.01657937	0.005338734	0.01530937
197	0.002408304	0.0107969	0.002208582	0.01048936
198	0.002292449	0.0104349	0.002452249	0.01068096
199	0.005457948	0.01530933	0.006282695	0.01657933
200	0.006401963	0.01657938	0.005577216	0.01530939
201	0.002496194	0.01056503	0.002376316	0.01038043
202	0.002460182	0.01032597	0.002540139	0.01044909
203	0.005696431	0.01530935	0.006521178	0.01657935
204	0.006640391	0.01657932	0.0058157	0.0153094
205	0.002584083	0.01033315	0.002544049	0.0102715
206	0.002627917	0.01021704	0.002628084	0.01021729
207	0.005934913	0.01530937	0.006759661	0.01657937
208	0.006878875	0.01657933	0.006054128	0.01530933
209	0.006173396	0.01530938	0.006998143	0.01657938
210	0.007117357	0.01657934	0.006292611	0.01530935
211	0.006411878	0.0153094	0.007236572	0.01657931
212	0.00735584	0.01657936	0.006531094	0.01530936
213	0.006650308	0.01530933	0.007475054	0.01657933
214	0.007594322	0.01657938	0.006769576	0.01530938
215	0.00688879	0.01530934	0.007713536	0.01657934
216	0.007835801	0.01658401	0.007008058	0.01530939
217	0.007127272	0.01530936	0.007964765	0.01659898
218	0.008102169	0.01662696	0.007246487	0.01530933
219	0.007365755	0.01530938	0.008252754	0.01667523
220	0.008419788	0.01674883	0.007484969	0.01530934
221	0.007604239	0.01530939	0.008618628	0.01687142
222	0.009220563	0.01779831	0.009248449	0.01784126
223	0.009332314	0.01778679	0.00903211	0.01732451
224	0.008967571	0.01722513	0.007723443	0.01530936
225	0.007840106	0.01530538	0.009416182	0.01773233
226	0.00950005	0.01767787	0.007950335	0.01529151
227	0.008056477	0.01527135	0.009583917	0.0176234
228	0.009667784	0.01756894	0.008158372	0.01524464
229	0.008256453	0.01521207	0.00975165	0.01751447
230	0.009835518	0.01746001	0.008350824	0.01517379
231	0.008441235	0.01512939	0.009919384	0.01740555
232	0.01000325	0.01735108	0.008527608	0.01507878
233	0.008610689	0.01502304	0.01008712	0.01729662
234	0.01017099	0.01724215	0.00869033	0.01496214
235	0.008766624	0.01489602	0.01025485	0.01718769
236	0.01033872	0.01713323	0.008838725	0.01482344
237	0.008906638	0.0147444	0.01042259	0.01707876
238	0.01050645	0.0170243	0.008970623	0.01465933
239	0.009030202	0.01456746	0.01059032	0.01696983
240	0.01067419	0.01691537	0.009084933	0.01446813
241	0.009134049	0.01436016	0.01075806	0.01686091
242	0.01084192	0.01680644	0.009176579	0.01424204
243	0.009213389	0.01411511	0.01092579	0.01675198
244	0.01100966	0.01669751	0.0092502	0.01398819
245	0.009287008	0.01386126	0.01109353	0.01664305
246	0.01117739	0.01658859	0.00932382	0.01373434
247	0.009360628	0.01360741	0.01126126	0.01653412
248	0.01134512	0.01647966	0.009402395	0.01348812
249	0.009446341	0.01337218	0.01142899	0.0164252
250	0.01151286	0.01637073	0.009490338	0.01325633
251	0.009534284	0.01314039	0.01159673	0.01631627
252	0.01168059	0.0162618	0.009578283	0.01302453
253	0.009627461	0.01291664	0.01176446	0.01620734
254	0.01184833	0.01615288	0.009677832	0.0128106
255	0.009728204	0.01270456	0.0119322	0.01609841
256	0.01201606	0.01604395	0.009778521	0.01259843
257	0.009828893	0.01249239	0.01209993	0.01598948
258	0.0121838	0.01593502	0.009883131	0.0123923
259	0.009939277	0.01229515	0.01226766	0.01588056
260	0.01235153	0.01582609	0.009995367	0.01219792
261	0.01005151	0.01210076	0.0124354	0.01577163
262	0.01251926	0.01571716	0.01010766	0.01200361
263	0.01016533	0.01190881	0.01260313	0.0156627
264	0.012687	0.01560824	0.01022675	0.01181979
265	0.01028824	0.01173086	0.01277086	0.01555377
266	0.01285473	0.01549931	0.01034966	0.01164184
267	0.01041109	0.01155283	0.0129386	0.01544484
268	0.01302247	0.01539038	0.01047258	0.01146389
269	0.01053753	0.01138033	0.01309544	0.01531914
270	0.01312506	0.01518114	0.01060393	0.01129894
271	0.01067037	0.01121764	0.01315572	0.01504474
272	0.01319449	0.01492084	0.01073681	0.01113634
273	0.01080319	0.01105495	0.01323326	0.01479693
274	0.01327808	0.01468233	0.0108694	0.01097332
275	0.01094059	0.01089931	0.01332442	0.01457009
276	0.01337316	0.01446153	0.01101171	0.01082522
277	0.01108282	0.01075114	0.01342587	0.01435909
278	0.01347864	0.01425674	0.01115395	0.01067705
279	0.01122508	0.01060295	0.01353597	0.01416144
280	0.01359473	0.01406831	0.0112962	0.01052887
281	0.01136732	0.01045478	0.0136535	0.01397518
282	0.01371792	0.01389078	0.01143425	0.01037423
283	0.01149715	0.01028748	0.01378218	0.01380612
284	0.01384737	0.01372289	0.01155553	0.01019376
285	0.01160895	0.01009242	0.01391697	0.01364645
286	0.01398662	0.0135701	0.01165649	0.009982014
287	0.01169721	0.009861134	0.01405762	0.01349585
288	0.01413212	0.01342696	0.01172951	0.009727241
289	0.01175107	0.009576834	0.01420663	0.01335806
290	0.01428248	0.01329128	0.01175891	0.009405293
291	0.01173755	0.009188797	0.01436188	0.01322994
292	0.01444135	0.01316867	0.01164707	0.00886588
293	0.0108587	0.007468285	0.01452212	0.01310954
294	0.01460634	0.01305545	0.009903229	0.005813386
295	0.009840481	0.005533147	0.01469041	0.01300156
296	0.01477605	0.01294964	0.009924348	0.005478683
297	0.01000821	0.00542422	0.01486493	0.01290289
298	0.0149538	0.01285615	0.01009208	0.005369756
299	0.01017595	0.005315291	0.0150441	0.01281158
300	0.01513793	0.01277247	0.01025982	0.005260827
301	0.01034368	0.005206364	0.01523172	0.01273326
302	0.01532663	0.01269583	0.01042755	0.0051519
303	0.01051142	0.005097437	0.01542559	0.01266459
304	0.01552454	0.01263337	0.01059528	0.005042973
305	0.01067915	0.004988509	0.01261082	0.007963025
306	0.01277203	0.008211272	0.01562518	0.01260473
307	0.01572937	0.01258155	0.01308982	0.008517018
308	0.01165552	0.006308378	0.01076302	0.004934045
309	0.01328708	0.008637165	0.01583361	0.01255845
310	0.01594062	0.01253963	0.01345172	0.008707075
311	0.01360078	0.008753	0.01605047	0.01252517
312	0.01616025	0.01251063	0.01373846	0.008781399
313	0.0138672	0.00879604	0.01627494	0.01250364
314	0.01639089	0.01249857	0.01398882	0.008799696
315	0.01410438	0.008794043	0.01650885	0.01249661
316	0.01663117	0.01250135	0.01421477	0.008780422
317	0.01432053	0.008759673	0.01675355	0.01250618
318	0.0168818	0.01252007	0.01442335	0.008734395
319	0.01452612	0.008709032	0.01701218	0.01253723
320	0.01714648	0.01256042	0.01462894	0.008683755
321	0.01473171	0.008658392	0.01728579	0.01259134
322	0.01738355	0.01255826	0.01483453	0.008633114
323	0.01493729	0.008607752	0.01746741	0.0125038
324	0.01755128	0.01244933	0.01504278	0.008586584
325	0.01515067	0.008569106	0.01763515	0.01239487
326	0.01771902	0.0123404	0.0152585	0.008551543
327	0.01536638	0.008534064	0.01780288	0.01228594
328	0.01788675	0.01223148	0.01547421	0.008516503
329	0.01558211	0.008499018	0.01797062	0.01217701
330	0.01805449	0.01212255	0.01569538	0.008489848
331	0.01580871	0.008480756	0.01813835	0.01206808
332	0.01822222	0.01201362	0.015922	0.008471575
333	0.01603527	0.008462398	0.01830609	0.01195916
334	0.01838996	0.01190469	0.01614855	0.008453223
335	0.01626597	0.008450422	0.01847382	0.01185023
336	0.01855769	0.01179576	0.01638524	0.00845047
337	0.01650445	0.008450437	0.01864156	0.0117413
338	0.01872543	0.01168684	0.01662366	0.008450403
339	0.01674293	0.008450453	0.01880929	0.01163237
340	0.01889316	0.01157791	0.01686629	0.008456791
341	0.01699215	0.00846699	0.01897703	0.01152344
342	0.0190609	0.01146898	0.01711795	0.008477104
343	0.01724381	0.008487302	0.01914476	0.01141452
344	0.01922863	0.01136005	0.01736961	0.008497415
345	0.01750177	0.008517236	0.0193125	0.01130559
346	0.01939637	0.01125112	0.01763509	0.008538923
347	0.01776841	0.00856061	0.01948023	0.01119666
348	0.0195641	0.0111422	0.01790168	0.008582212
349	0.01803816	0.008608767	0.01964797	0.01108773
350	0.01973183	0.01103327	0.01818008	0.008643705
351	0.01832206	0.008678726	0.0198157	0.0109788
352	0.01989957	0.01092434	0.01846399	0.008713665
353	0.01860591	0.008748602	0.01998344	0.01086987
354	0.02006731	0.01081541	0.01874457	0.008778509
355	0.01887424	0.008794577	0.02015117	0.01076095
356	0.02023504	0.01070648	0.01899667	0.008799491
357	0.0191131	0.008795179	0.02031891	0.01065202
358	0.02040277	0.01059755	0.01922436	0.008782901
359	0.01933094	0.00876341	0.02048664	0.01054309
360	0.02057051	0.01048863	0.01943273	0.008736538
361	0.01953032	0.008703209	0.02065438	0.01043416
362	0.02073824	0.0103797	0.01962421	0.008664177
363	0.01971467	0.008619862	0.02082211	0.01032523
364	0.02090598	0.01027077	0.01980167	0.008570399
365	0.01988477	0.008514761	0.02098985	0.01021631
366	0.02107372	0.01016184	0.01996404	0.00845303
367	0.02003984	0.008386154	0.02115758	0.01010738
368	0.02124145	0.01005291	0.02011211	0.008313825
369	0.02018067	0.008235796	0.02131483	0.009982242
370	0.02123111	0.009669719	0.02024521	0.00815156
371	0.02030407	0.008058601	0.02121384	0.009459517
372	0.02122026	0.009285794	0.02036081	0.00796237
373	0.02041691	0.007865136	0.02124176	0.009135301
374	0.02127558	0.009003763	0.02047305	0.007767982
375	0.02052914	0.007670747	0.02131669	0.008883464
376	0.02136445	0.008773396	0.02058529	0.007573593
377	0.02064138	0.007476358	0.0214176	0.008671632
378	0.0214738	0.008574562	0.02069752	0.007379205
379	0.02075361	0.00728197	0.02152994	0.008477411
380	0.02158603	0.008380174	0.02080976	0.007184818
381	0.02086585	0.007087582	0.02164218	0.008283023
382	0.02169826	0.008185785	0.02092194	0.006990346
383	0.02097808	0.006893193	0.02175436	0.008088551
384	0.0218105	0.007991398	0.02103417	0.006795957
385	0.02109032	0.006698804	0.02186659	0.007894163
386	0.02192274	0.007797009	0.02114641	0.006601569
387	0.02120255	0.006504416	0.02197883	0.007699774
388	0.02203497	0.00760262	0.02125864	0.00640718
389	0.02131479	0.006310028	0.02209106	0.007505386
390	0.02214721	0.007408232	0.02137088	0.006212791
391	0.02142702	0.006115639	0.0222033	0.007310998
392	0.02225945	0.007213845	0.02148312	0.006018403
393	0.02153926	0.00592125	0.02231553	0.007116609
394	0.02237168	0.007019457	0.02159535	0.005824015
395	0.0216515	0.005726862	0.02242777	0.00692222
396	0.02248391	0.006825068	0.02170759	0.005629628
397	0.02176373	0.005532474	0.02254	0.006727832
398	0.02259615	0.006630679	0.02181982	0.005435239
399	0.02187591	0.005338002	0.02265224	0.006533443
400	0.02270839	0.006436291	0.02193206	0.005240851
401	0.02198815	0.005143614	0.02276447	0.006339055
402	0.02282062	0.006241903	0.02204429	0.005046463
403	0.02210038	0.004949226	0.02287671	0.006144667
404	0.02293286	0.006047515	0.02215653	0.004852075
405	0.02221262	0.004754837	0.02298895	0.005950278
406	0.02304509	0.005853127	0.02226876	0.004657685
407	0.02232485	0.004560448	0.02310118	0.005755889
408	0.02315727	0.005658655	0.022381	0.004463298
409	0.02243709	0.00436606	0.02321342	0.005561502
410	0.02326951	0.005464266	0.02249323	0.004268908
411	0.02254932	0.004171672	0.02332565	0.005367112
412	0.02338174	0.005269878	0.02260547	0.00407452
413	0.02266156	0.003977284	0.02343789	0.005172725
414	0.02349398	0.005075489	0.0227177	0.003880132
415	0.0227738	0.003782895	0.02355012	0.004978335
416	0.02360621	0.004881102	0.02282989	0.003685659
417	0.02288603	0.003588508	0.02366236	0.004783947
418	0.02372014	0.004689312	0.02294212	0.003491271
419	0.02299827	0.003394119	0.02378119	0.004599707
420	0.02384632	0.004516395	0.02305436	0.003296883
421	0.0231105	0.003199731	0.02391602	0.004440124
422	0.02398987	0.004370229	0.02316659	0.003102494
423	0.02322274	0.003005343	0.02406715	0.004305618
424	0.02414772	0.004245898	0.02327883	0.002908107
425	0.02333497	0.002810954	0.02423158	0.004192157
426	0.02432027	0.004144574	0.02339106	0.002713718
427	0.02344906	0.002619417	0.02441198	0.004102186
428	0.02450718	0.004065169	0.0235106	0.002530568
429	0.02357627	0.002448092	0.02460581	0.004033432
430	0.02470977	0.004009915	0.02364571	0.002371403
431	0.02372015	0.002302431	0.02481803	0.003993023
432	0.02493099	0.003983343	0.02379786	0.00223849
433	0.0238789	0.002179665	0.02504938	0.003982052
434	0.02517421	0.003990655	0.02396309	0.002125704
435	0.02405164	0.002078453	0.02530687	0.004011338
436	0.02544956	0.00404745	0.0241439	0.002036904
437	0.02423964	0.002000723	0.02560549	0.004103941
438	0.02578352	0.004194483	0.02433897	0.001970079
439	0.02444223	0.001945471	0.02600883	0.004357823
440	0.02628947	0.00460637	0.0245511	0.001929502
441	0.02466465	0.001920745	0.02657006	0.004854834
442	0.02685066	0.005103297	0.0247837	0.001920459
443	0.02490917	0.001930071	0.02721114	0.005474795
444	0.02757904	0.005857698	0.02504255	0.001951841
445	0.02518583	0.001988875	0.02769923	0.005859177
446	0.02778311	0.005804712	0.02534263	0.002046711
447	0.02552437	0.002142956	0.02786697	0.005750249
448	0.02795084	0.005695784	0.02573808	0.002288431
449	0.02595729	0.002442376	0.0280347	0.005641321
450	0.02811857	0.005586857	0.0261765	0.002596323
451	0.0264011	0.002758571	0.02820244	0.005532393
452	0.0282863	0.005477929	0.02665342	0.002963508
453	0.02690575	0.003168445	0.02837017	0.005423464
454	0.02845404	0.005369001	0.02715807	0.003373383
455	0.02741323	0.00358268	0.02853791	0.005314538
456	0.02862178	0.005260072	0.02772819	0.003884064
457	0.02804314	0.004185447	0.02870564	0.005205608
458	0.02878951	0.005151143	0.02835804	0.004486748
459	0.02879783	0.004980354	0.02887338	0.00509668
460	0.008572546	0.03020383	0.008353001	0.02986576
461	0.008274238	0.02956086	0.008656413	0.03014936
462	0.00874028	0.0300949	0.008257782	0.02935192
463	0.008265181	0.02917971	0.008824148	0.03004044
464	0.008908015	0.02998597	0.008288321	0.02903173
465	0.008321646	0.02889944	0.008991882	0.02993151
466	0.009075751	0.02987704	0.00836293	0.02877938
467	0.008410843	0.02866957	0.009159618	0.02982258
468	0.009243486	0.02976812	0.008464102	0.02856797
469	0.008520254	0.02847082	0.009327353	0.02971365
470	0.00941122	0.02965919	0.008576336	0.02837359
471	0.00863249	0.02827643	0.009495087	0.02960473
472	0.009578954	0.02955026	0.008688572	0.0281792
473	0.008744717	0.02808205	0.009662821	0.02949579
474	0.009746688	0.02944133	0.008800816	0.02798481
475	0.008856953	0.02788766	0.009830555	0.02938687
476	0.009914422	0.0293324	0.00891305	0.02779042
477	0.008969189	0.02769327	0.009998289	0.02927794
478	0.01008216	0.02922348	0.009025279	0.02759603
479	0.009081422	0.02749888	0.01016602	0.02916901
480	0.01024989	0.02911455	0.009137514	0.02740164
481	0.009193613	0.0273044	0.01022063	0.02888589
482	0.01018473	0.028647	0.009249749	0.02720726
483	0.009305839	0.02711002	0.01018396	0.02846221
484	0.0102004	0.02830392	0.009361984	0.02701287
485	0.009418076	0.02691563	0.01022904	0.02816441
486	0.01026705	0.02803933	0.009474221	0.02681848
487	0.009530319	0.02672124	0.01031242	0.02792557
488	0.01036393	0.02782129	0.009586454	0.02662409
489	0.009642546	0.02652686	0.01041888	0.0277223
490	0.01047496	0.02762506	0.00969869	0.0264297
491	0.009754782	0.02633247	0.01053111	0.02752791
492	0.01058721	0.02743067	0.009810936	0.02623531
493	0.009867018	0.02613808	0.01064335	0.02733352
494	0.01069944	0.02723628	0.009923163	0.02604093
495	0.009979252	0.02594369	0.01075558	0.02713913
496	0.01081167	0.0270419	0.0100354	0.02584654
497	0.0100915	0.0257493	0.01086782	0.02694474
498	0.01092391	0.02684751	0.01014763	0.02565215
499	0.01020372	0.02555491	0.01098005	0.02675035
500	0.01103614	0.02665312	0.01025981	0.02545768
501	0.01031596	0.02536052	0.01109229	0.02655597
502	0.01114838	0.02645873	0.01037205	0.02526329
503	0.01042819	0.02516614	0.01120452	0.02636158
504	0.01126061	0.02626434	0.01048428	0.0250689
505	0.01054043	0.02497175	0.0113167	0.02616711
506	0.01137285	0.02606995	0.01059652	0.02487451
507	0.01065266	0.02477736	0.01142894	0.02597272
508	0.01148508	0.02587556	0.01070875	0.02468012
509	0.0107649	0.02458297	0.01154117	0.02577833
510	0.01159732	0.02568118	0.01082099	0.02448574
511	0.01087714	0.02438858	0.01165341	0.02558394
512	0.01170956	0.02548679	0.01093323	0.02429135
513	0.01098937	0.0241942	0.01176564	0.02538955
514	0.01182179	0.0252924	0.01104546	0.02409696
515	0.01110161	0.02399981	0.01187788	0.02519516
516	0.01193403	0.02509801	0.0111577	0.02390257
517	0.01121384	0.02380542	0.01199012	0.02500078
518	0.01204626	0.02490363	0.01126993	0.02370818
519	0.01132602	0.02361095	0.01210235	0.02480639
520	0.0121585	0.02470924	0.01138217	0.02351379
521	0.01143826	0.02341656	0.01221459	0.024612
522	0.01227068	0.02451476	0.0114944	0.02331941
523	0.01155071	0.02322251	0.01232682	0.02441761
524	0.01238291	0.02432038	0.01160391	0.02312082
525	0.011652	0.02301126	0.01243906	0.02422322
526	0.01249515	0.02412599	0.01169349	0.02289155
527	0.01172709	0.02275967	0.01255129	0.02402883
528	0.01260738	0.0239316	0.01175034	0.02261187
529	0.01175758	0.0224394	0.01266396	0.02383512
530	0.01272289	0.02374224	0.0117427	0.02223289
531	0.01092394	0.02097211	0.009634075	0.01898589
532	0.009443389	0.01850865	0.01129233	0.02135577
533	0.01166465	0.02192909	0.01278715	0.02365759
534	0.01285538	0.02357905	0.009316645	0.01812987
535	0.009248449	0.01784126	0.01292737	0.02350631
536	0.01300289	0.02343902	0.009332314	0.01778679
537	0.009416182	0.01773233	0.01308149	0.02337642
538	0.01316498	0.02332136	0.00950005	0.01767787
539	0.009583917	0.0176234	0.01325179	0.02327142
540	0.01334202	0.02322678	0.009667784	0.01756894
541	0.00975165	0.01751447	0.01343563	0.02318733
542	0.01353258	0.02315299	0.009835518	0.01746001
543	0.009919384	0.01740555	0.01363475	0.0231267
544	0.01374111	0.02310687	0.01000325	0.01735108
545	0.01008712	0.01729662	0.01385199	0.02309401
546	0.0139681	0.02308919	0.01017099	0.01724215
547	0.01025485	0.01718769	0.0140902	0.02309361
548	0.01421949	0.02310909	0.01033872	0.01713323
549	0.01042259	0.01707876	0.01435766	0.02313824
550	0.01449958	0.02317318	0.01050645	0.0170243
551	0.01059032	0.01696983	0.01464151	0.02320812
552	0.01478343	0.02324305	0.01067419	0.01691537
553	0.01075806	0.01686091	0.01492536	0.02327799
554	0.01506228	0.02330521	0.01084192	0.01680644
555	0.01092579	0.01675198	0.0151956	0.0233269
556	0.01532892	0.02334859	0.01100966	0.01669751
557	0.01109353	0.01664305	0.01546224	0.02337028
558	0.01559474	0.0233907	0.01117739	0.01658859
559	0.01126126	0.01653412	0.01572055	0.02340082
560	0.0158464	0.02341102	0.01134512	0.01647966
561	0.01142899	0.0164252	0.01597226	0.02342122
562	0.01609812	0.02343141	0.01151286	0.01637073
563	0.01159673	0.01631627	0.0162218	0.02343825
564	0.01634102	0.02343822	0.01168059	0.0162618
565	0.01176446	0.01620734	0.01646028	0.02343827
566	0.0165795	0.02343824	0.01184833	0.01615288
567	0.0119322	0.01609841	0.01669877	0.02343829
568	0.01681646	0.0234359	0.01201606	0.01604395
569	0.01209993	0.01598948	0.01692973	0.02342673
570	0.01704307	0.02341764	0.0121838	0.01593502
571	0.01226766	0.01588056	0.01715634	0.02340846
572	0.01726967	0.02339937	0.0139294	0.0182558
573	0.01333313	0.01733763	0.01235153	0.01582609
574	0.0124354	0.01577163	0.01317736	0.01691415
575	0.01425569	0.01857463	0.01738295	0.02339019
576	0.01749111	0.02337313	0.0144957	0.01876061
577	0.01310486	0.0166189	0.01251926	0.01571716
578	0.01260313	0.0156627	0.01306684	0.01637674
579	0.01470119	0.01889342	0.017599	0.02335565
580	0.01770683	0.02333809	0.01488821	0.01899781
581	0.01304646	0.01616176	0.012687	0.01560824
582	0.01277086	0.01555377	0.0130367	0.01596313
583	0.01506488	0.01908625	0.01781471	0.02332061
584	0.01792254	0.02330305	0.01522707	0.01915239
585	0.01304334	0.01578974	0.01285473	0.01549931
586	0.0129386	0.01544484	0.01305319	0.0156213
587	0.01538419	0.01921072	0.01802831	0.0232823
588	0.01813106	0.02325695	0.0155338	0.01925749
589	0.01307268	0.0154677	0.01302247	0.01539038
590	0.01567758	0.01929528	0.01823389	0.02323166
591	0.01833671	0.02320638	0.01581612	0.01932502
592	0.01595178	0.01935031	0.01843948	0.02318102
593	0.01854229	0.02315575	0.016082	0.01936722
594	0.01621124	0.01938261	0.01864506	0.02313038
595	0.01875055	0.02310921	0.01633372	0.01938761
596	0.01645626	0.0193927	0.01886067	0.02309517
597	0.01897591	0.02308902	0.01657405	0.01939048
598	0.01668984	0.01938516	0.01909708	0.023092
599	0.01922545	0.02310606	0.01680502	0.01937892
600	0.0169142	0.01936346	0.01936258	0.02313362
601	0.01947526	0.02312352	0.0170234	0.01934799
602	0.01713162	0.01933101	0.01955913	0.02306906
603	0.019643	0.0230146	0.01723541	0.01930725
604	0.01733916	0.01928339	0.01972686	0.02296013
605	0.01981073	0.02290567	0.01744101	0.0192566
606	0.01753958	0.01922479	0.0198946	0.0228512
607	0.01997846	0.02279674	0.01763815	0.01919297
608	0.01773421	0.0191573	0.02006233	0.02274228
609	0.0201462	0.02268781	0.01782772	0.01911767
610	0.01792123	0.01907805	0.02023006	0.02263335
611	0.02031393	0.02257888	0.0180125	0.019035
612	0.01810165	0.01898866	0.0203978	0.02252442
613	0.02048166	0.02246995	0.01819075	0.01894225
614	0.01827626	0.01889041	0.02056553	0.02241549
615	0.0206494	0.02236103	0.01836064	0.01883657
616	0.01844483	0.01878285	0.02073327	0.02230657
617	0.02081713	0.0222521	0.01852567	0.01872355
618	0.01860524	0.01866247	0.020901	0.02219764
619	0.02098487	0.02214317	0.01868479	0.01860139
620	0.01876065	0.0185346	0.02106874	0.02208871
621	0.0211526	0.02203424	0.01883537	0.01846604
622	0.0189101	0.01839748	0.02123647	0.02197978
623	0.02131238	0.02191307	0.018981	0.01832305
624	0.01905075	0.01824687	0.0213596	0.02180216
625	0.02141263	0.02170023	0.01912052	0.01817069
626	0.01918538	0.01808695	0.02147074	0.0216061
627	0.02153337	0.02151892	0.01924965	0.01800229
628	0.01931384	0.01791756	0.02159953	0.02143721
629	0.02167114	0.02136387	0.01937331	0.01782552
630	0.01943191	0.01773214	0.02174228	0.02128977
631	0.02181339	0.0212157	0.01948991	0.01763784
632	0.01954251	0.01753524	0.02188451	0.02114161
633	0.02195563	0.02106752	0.01959511	0.01743264
634	0.01964434	0.01732483	0.02202675	0.02099343
635	0.02209793	0.02091942	0.0196903	0.017212
636	0.01973589	0.01709857	0.02216443	0.0208382
637	0.02223082	0.02075682	0.0197747	0.01697475
638	0.01981353	0.01685093	0.02229724	0.02067552
639	0.02236364	0.02059413	0.01984419	0.01671453
640	0.01987375	0.01657645	0.02243008	0.02051283
641	0.02249537	0.02042977	0.01989781	0.0164299
642	0.01742864	0.0126277	0.01738355	0.01255826
643	0.01746741	0.0125038	0.01757857	0.01267497
644	0.01991742	0.01627647	0.02255679	0.02034075
645	0.02261822	0.02025174	0.01992841	0.01610979
646	0.01773406	0.01273079	0.01755128	0.01244933
647	0.01763515	0.01239487	0.01789717	0.01279835
648	0.01993527	0.01593674	0.02267965	0.02016272
649	0.02274108	0.0200737	0.01992671	0.01573996
650	0.01807243	0.01288462	0.01771902	0.0123404
651	0.01780288	0.01228594	0.01825798	0.01298673
652	0.01990698	0.01552598	0.02280256	0.01998477
653	0.02286056	0.01989046	0.01986989	0.01528524
654	0.01846134	0.01311628	0.01788675	0.01223148
655	0.01797062	0.01217701	0.01869852	0.01329789
656	0.01979995	0.01499394	0.02291664	0.01979323
657	0.0229728	0.01969608	0.01965261	0.01458346
658	0.01901789	0.01360607	0.01805449	0.01212255
659	0.01813835	0.01206808	0.02302889	0.01959884
660	0.02308503	0.01950169	0.01822222	0.01201362
661	0.01830609	0.01195916	0.02313965	0.01940219
662	0.02318996	0.01929606	0.01838996	0.01190469
663	0.01847382	0.01185023	0.02324034	0.01919002
664	0.02329066	0.01908389	0.01855769	0.01179576
665	0.01864156	0.0117413	0.02334098	0.01897777
666	0.02339059	0.01887055	0.01872543	0.01168684
667	0.01880929	0.01163237	0.02343453	0.01875461
668	0.02347853	0.01863876	0.01889316	0.01157791
669	0.01897703	0.01152344	0.02352248	0.01852282
670	0.02356642	0.01840688	0.0190609	0.01146898
671	0.01914476	0.01141452	0.02360868	0.01828834
672	0.02364543	0.01816133	0.01922863	0.01136005
673	0.0193125	0.01130559	0.02368228	0.01803439
674	0.02371909	0.01790746	0.01939637	0.01125112
675	0.01948023	0.01119666	0.02375584	0.01778045
676	0.02379265	0.01765353	0.0195641	0.0111422
677	0.01964797	0.01108773	0.0238348	0.01753482
678	0.02388354	0.01742626	0.01973183	0.01103327
679	0.0198157	0.0109788	0.02393794	0.01732643
680	0.02399724	0.01723414	0.01989957	0.01092434
681	0.01998344	0.01086987	0.02406096	0.01714864
682	0.02412816	0.01706852	0.02006731	0.01081541
683	0.02015117	0.01076095	0.0242007	0.01699661
684	0.02427672	0.01693007	0.02023504	0.01070648
685	0.02031891	0.01065202	0.02435618	0.01686881
686	0.02443901	0.01681275	0.02040277	0.01059755
687	0.02048664	0.01054309	0.02452484	0.01676131
688	0.02461552	0.01671733	0.02057051	0.01048863
689	0.02065438	0.01043416	0.02470968	0.01667872
690	0.02480743	0.01664564	0.02073824	0.0103797
691	0.02082211	0.01032523	0.02490911	0.0166186
692	0.02501492	0.01659793	0.02090598	0.01027077
693	0.02098985	0.01021631	0.02512515	0.01658406
694	0.02524148	0.01657958	0.02107372	0.01016184
695	0.02115758	0.01010738	0.02375597	0.01410849
696	0.02434047	0.01500855	0.02536058	0.01657938
697	0.0254798	0.01657934	0.02454193	0.01513516
698	0.02365983	0.01377684	0.02124145	0.01005291
699	0.02165893	0.01051212	0.0235369	0.01340394
700	0.02470978	0.01521001	0.02559901	0.01657931
701	0.02571828	0.01657936	0.02486156	0.01526013
702	0.0233546	0.01293961	0.02202743	0.01089594
703	0.0227818	0.01187396	0.02284525	0.01197167
704	0.02499946	0.01528886	0.02583749	0.01657933
705	0.02595676	0.01657938	0.02512875	0.01530435
706	0.02525123	0.01530934	0.02607598	0.01657934
707	0.02619519	0.01657931	0.02537045	0.01530931
708	0.02548971	0.01530936	0.02631446	0.01657936
709	0.02643367	0.01657932	0.02560893	0.01530932
710	0.0257282	0.01530937	0.02655294	0.01657937
711	0.02667216	0.01657934	0.02584741	0.01530934
712	0.02596663	0.0153093	0.02679137	0.0165793
713	0.02691064	0.01657935	0.02608589	0.01530935
714	0.02620511	0.01530932	0.02702985	0.01657932
715	0.02714912	0.01657937	0.02632437	0.01530937
716	0.02644359	0.01530934	0.02726834	0.01657933
717	0.0273876	0.01657939	0.02656286	0.01530939
718	0.02668207	0.01530935	0.02750682	0.01657935
719	0.02762603	0.01657932	0.02680129	0.01530932
720	0.02692056	0.01530937	0.0277453	0.01657937
721	0.02786452	0.01657933	0.02703977	0.01530933
722	0.02715904	0.01530938	0.02798379	0.01657938
723	0.028103	0.01657935	0.02727825	0.01530935
724	0.02739747	0.01530932	0.02822221	0.01657931
725	0.02834148	0.01657937	0.02751674	0.01530937
726	0.02763595	0.01530933	0.0284607	0.01657933
727	0.02857997	0.01657938	0.02775522	0.01530938
728	0.02787443	0.01530934	0.02869918	0.01657934
729	0.02881839	0.01657931	0.02799365	0.01530931
730	0.02811291	0.01530936	0.02893766	0.01657936
731	0.02905688	0.01657933	0.02823213	0.01530933
732	0.0283514	0.01530938	0.02917614	0.01657937
733	0.02929536	0.01657934	0.02847061	0.01530934
734	0.02858982	0.01530931	0.02941463	0.01657939
735	0.02953384	0.01657936	0.02870909	0.01530936
736	0.02882831	0.01530932	0.0296232	0.01653338
737	0.02970706	0.01647891	0.02894758	0.01530937
738	0.02906679	0.01530934	0.02979093	0.01642445
739	0.0298748	0.01636998	0.029186	0.0153093
740	0.02930528	0.01530935	0.02995867	0.01631552
741	0.03004253	0.01626105	0.02942449	0.01530932
742	0.02954376	0.01530937	0.0301264	0.01620659
743	0.03021027	0.01615213	0.02966297	0.01530934
744	0.02978235	0.01530955	0.03029414	0.01609766
745	0.03037801	0.0160432	0.02989835	0.01530457
746	0.03000934	0.01529187	0.03046187	0.01598874
747	0.03054574	0.01593427	0.03011575	0.01527213
748	0.03021803	0.01524601	0.03062961	0.01587981
749	0.03071347	0.01582534	0.03031655	0.01521411
750	0.03041066	0.01517541	0.03079734	0.01577088
751	0.03088121	0.01571641	0.03050078	0.01513059
752	0.03058778	0.01508077	0.03096507	0.01566195
753	0.03104894	0.01560749	0.03067135	0.01502603
754	0.03075119	0.01496536	0.03113281	0.01555302
755	0.03121668	0.01549856	0.03082683	0.01489823
756	0.0308991	0.0148259	0.03130054	0.01544409
757	0.03138441	0.01538963	0.03096771	0.01474795
758	0.03103241	0.01466397	0.03146828	0.01533517
759	0.03155215	0.0152807	0.03109199	0.0145721
760	0.03114655	0.01447252	0.03163601	0.01522624
761	0.03171988	0.01517177	0.03119572	0.01436463
762	0.03123853	0.01424693	0.03180375	0.01511731
763	0.03188762	0.01506285	0.03127354	0.01411724
764	0.03129881	0.01397253	0.03197148	0.01500838
765	0.03205535	0.01495392	0.03131154	0.01380854
766	0.03129944	0.0136063	0.03213922	0.01489945
767	0.03222308	0.01484499	0.03125308	0.01335131
768	0.03119845	0.01308357	0.03230695	0.01479053
769	0.03239082	0.01473606	0.03114387	0.01281592
770	0.03108924	0.01254818	0.03247469	0.0146816
771	0.03255856	0.01462713	0.031023	0.01226258
772	0.03092708	0.01193127	0.03264242	0.01457267
773	0.03272629	0.01451821	0.03083111	0.01159988
774	0.03073519	0.01126857	0.03281016	0.01446374
775	0.03289403	0.01440928	0.03058367	0.01085163
776	0.03041635	0.01041037	0.03289026	0.01421987
777	0.03287135	0.01400714	0.03021488	0.009916528
778	0.02769923	0.005859177	0.02808397	0.00645161
779	0.02989097	0.009234153	0.03283284	0.01376423
780	0.03279395	0.01352073	0.02917743	0.007951791
781	0.02913076	0.007879916	0.02778311	0.005804712
782	0.02786697	0.005750249	0.032755	0.01327715
783	0.03271605	0.01303356	0.02795084	0.005695784
784	0.0280347	0.005641321	0.0326771	0.01278998
785	0.03261968	0.01251796	0.02811857	0.005586857
786	0.02820244	0.005532393	0.03254784	0.01222372
787	0.032476	0.01192948	0.0282863	0.005477929
788	0.02837017	0.005423464	0.03240409	0.01163516
789	0.03232457	0.0113291	0.02845404	0.005369001
790	0.02853791	0.005314538	0.03219979	0.01095334
791	0.032075	0.01057758	0.02862178	0.005260072
792	0.02870564	0.005205608	0.03195022	0.01020182
793	0.03174864	0.009707809	0.02878951	0.005151143
794	0.02887338	0.00509668	0.03152283	0.009176476
795	0.0311755	0.008458036	0.02924138	0.00547975
796	0.008714912	0.03042305	0.008572546	0.03020383
797	0.008656413	0.03014936	0.008961953	0.03061985
798	0.009146687	0.03072071	0.00874028	0.0300949
799	0.008824148	0.03004044	0.009317478	0.0308001
800	0.009488217	0.0308794	0.008908015	0.02998597
801	0.008991882	0.02993151	0.00965895	0.03095871
802	0.009829745	0.0310381	0.009075751	0.02987704
803	0.009159618	0.02982258	0.009998629	0.03111455
804	0.01015722	0.03117515	0.009243486	0.02976812
805	0.009327353	0.02971365	0.01031581	0.03123575
806	0.01047446	0.03129644	0.00941122	0.02965919
807	0.009495087	0.02960473	0.01063306	0.03135704
808	0.01079164	0.03141764	0.009578954	0.02955026
809	0.009662821	0.02949579	0.0109503	0.03147832
810	0.01110888	0.03153893	0.009746688	0.02944133
811	0.009830555	0.02938687	0.01126431	0.03159466
812	0.01141141	0.03163757	0.009914422	0.0293324
813	0.009998289	0.02927794	0.01155856	0.03168056
814	0.01170567	0.03172347	0.01008216	0.02922348
815	0.01016602	0.02916901	0.01185282	0.03176646
816	0.01199992	0.03180936	0.01024989	0.02911455
817	0.01078847	0.02976029	0.01214707	0.03185235
818	0.01229418	0.03189525	0.01099119	0.02988882
819	0.01116175	0.02996787	0.01244133	0.03193825
820	0.0125832	0.0319731	0.01131403	0.03001875
821	0.01146624	0.03006954	0.01272082	0.03200141
822	0.0128585	0.03202981	0.01161852	0.03012041
823	0.01177079	0.03017128	0.01299613	0.03205812
824	0.01313374	0.03208644	0.01192307	0.03022216
825	0.01207534	0.03027303	0.01327137	0.03211475
826	0.01340899	0.03214307	0.01222756	0.03032382
827	0.0123752	0.03036756	0.01354661	0.03217138
828	0.01368424	0.03219968	0.01251718	0.03040259
829	0.01265916	0.03043761	0.01382186	0.032228
830	0.01395115	0.03224348	0.01280114	0.03047263
831	0.01294307	0.03050757	0.01408072	0.03225937
832	0.01421022	0.0322752	0.01308506	0.03054258
833	0.01322703	0.03057761	0.01433979	0.0322911
834	0.01446929	0.03230692	0.01336901	0.03061263
835	0.01350935	0.03064514	0.01459885	0.03232282
836	0.01472841	0.03233872	0.01364268	0.03066682
837	0.01377594	0.03068843	0.01485793	0.03235453
838	0.01498748	0.03237044	0.01390926	0.03071012
839	0.01404258	0.03073181	0.01511699	0.03238625
840	0.01524116	0.03239385	0.0141759	0.0307535
841	0.01430922	0.03077518	0.01536365	0.03239884
842	0.01548612	0.03240385	0.01444249	0.03079679
843	0.01457582	0.03081847	0.01560855	0.03240876
844	0.01573104	0.03241375	0.01470733	0.03083739
845	0.01483319	0.03084759	0.01585351	0.03241876
846	0.015976	0.03242375	0.01495899	0.0308577
847	0.01508485	0.0308679	0.01609843	0.03242867
848	0.01622091	0.03243367	0.01521066	0.03087801
849	0.01533652	0.03088821	0.01634339	0.03243866
850	0.01646582	0.03244358	0.01546232	0.03089833
851	0.01558818	0.03090852	0.01658302	0.03244044
852	0.01669918	0.03243571	0.01571404	0.03091872
853	0.01583984	0.03092884	0.01681535	0.03243098
854	0.01693151	0.03242625	0.01596129	0.03093224
855	0.0160805	0.03093221	0.01704773	0.0324216
856	0.01716389	0.03241687	0.01619972	0.03093217
857	0.01631893	0.03093214	0.01728006	0.03241214
858	0.01739622	0.03240741	0.01643819	0.03093219
859	0.01655741	0.03093215	0.01751238	0.03240268
860	0.0176286	0.03239803	0.01667664	0.03093211
861	0.01679584	0.03093209	0.01774477	0.0323933
862	0.01785903	0.03238563	0.01691511	0.03093213
863	0.01703432	0.0309321	0.01796947	0.0323721
864	0.01807991	0.03235856	0.01715042	0.03092729
865	0.01726377	0.03091819	0.01819041	0.03234511
866	0.01830086	0.03233157	0.01737705	0.03090902
867	0.01749032	0.03089984	0.01841136	0.03231812
868	0.0185218	0.03230458	0.01760359	0.03089067
869	0.01771688	0.03088149	0.01863225	0.03229105
870	0.01874276	0.03227759	0.01783021	0.0308724
871	0.01794349	0.03086322	0.0188532	0.03226405
872	0.01896364	0.03225052	0.01805676	0.03085405
873	0.01817003	0.03084488	0.01907413	0.03223707
874	0.01918295	0.03222101	0.01828333	0.03083569
875	0.01839181	0.03081913	0.01928812	0.03219934
876	0.01939333	0.03217775	0.01849964	0.03080158
877	0.01860747	0.03078402	0.0194985	0.03215608
878	0.01960371	0.0321345	0.0187153	0.03076645
879	0.01882318	0.03074898	0.01970893	0.0321129
880	0.01981409	0.03209124	0.01893101	0.03073141
881	0.01903884	0.03071385	0.01991931	0.03206965
882	0.02002448	0.03204796	0.01914669	0.03069628
883	0.01925457	0.03067881	0.02012969	0.03202639
884	0.02023485	0.03200471	0.01936239	0.03066125
885	0.01947022	0.03064368	0.02034006	0.03198312
886	0.02044523	0.03196146	0.01957386	0.03061967
887	0.01967663	0.0305943	0.0205462	0.03193333
888	0.02064646	0.0319041	0.0197794	0.03056894
889	0.01988215	0.03054358	0.02074671	0.03187489
890	0.02084693	0.03184558	0.01998498	0.0305183
891	0.02008774	0.03049294	0.02094718	0.03181636
892	0.02104745	0.03178714	0.0201905	0.03046758
893	0.02029328	0.03044221	0.02114766	0.03175784
894	0.02124792	0.03172862	0.02039604	0.03041685
895	0.0204988	0.0303915	0.02134817	0.0316994
896	0.02144844	0.03167018	0.02060158	0.03036612
897	0.02070238	0.03033775	0.02154865	0.03164086
898	0.02164891	0.03161165	0.02080036	0.030305
899	0.02089832	0.03027227	0.02174916	0.03158244
900	0.02184447	0.03154558	0.0209963	0.03023952
901	0.02109428	0.03020678	0.02193998	0.03150907
902	0.0220355	0.03147256	0.02119226	0.03017403
903	0.02129022	0.03014129	0.02213109	0.03143612
904	0.0222266	0.0313996	0.02138824	0.03010864
905	0.02148622	0.03007589	0.02232214	0.03136308
906	0.02241766	0.03132657	0.0215842	0.03004315
907	0.02168217	0.03001041	0.02251318	0.03129005
908	0.02260876	0.03125362	0.02178014	0.02997766
909	0.02187469	0.02993963	0.02270426	0.03121711
910	0.0227998	0.03118059	0.02196591	0.02989649
911	0.02205372	0.02984829	0.02289531	0.03114407
912	0.02299085	0.03110754	0.02213791	0.02979326
913	0.02221751	0.0297331	0.02308272	0.03106542
914	0.0231743	0.03102287	0.02229418	0.02966757
915	0.02236748	0.02959684	0.0232659	0.03098032
916	0.02335751	0.03093776	0.02243719	0.02952057
917	0.02250119	0.02943549	0.02344912	0.0308952
918	0.02354072	0.03085264	0.02256156	0.02934489
919	0.02261728	0.02924706	0.02363228	0.03081
920	0.02372385	0.03076746	0.02266761	0.02914093
921	0.02271165	0.02902516	0.02381546	0.0307249
922	0.0239056	0.03068008	0.02274808	0.02889765
923	0.02277476	0.02875512	0.0239932	0.03063141
924	0.0240758	0.03057504	0.02278864	0.02859289
925	0.02278412	0.02840231	0.02415523	0.03051368
926	0.02423126	0.03044713	0.02273912	0.02814942
927	0.0195111	0.0231787	0.01947526	0.02312352
928	0.01955913	0.02306906	0.01967497	0.02324744
929	0.02232306	0.02732514	0.02430387	0.0303753
930	0.02437236	0.03029719	0.02136776	0.02567049
931	0.01986989	0.02336398	0.019643	0.0230146
932	0.01972686	0.02296013	0.02016268	0.02363123
933	0.02041251	0.02401593	0.02443614	0.03021177
934	0.02449566	0.03011982	0.01981073	0.02290567
935	0.0198946	0.0228512	0.02455039	0.03002049
936	0.02459962	0.02991269	0.01997846	0.02279674
937	0.02006233	0.02274228	0.02464237	0.02979491
938	0.02467716	0.02966487	0.0201462	0.02268781
939	0.02023006	0.02263335	0.02470199	0.0295195
940	0.02471336	0.02935341	0.02031393	0.02257888
941	0.0203978	0.02252442	0.02470236	0.02915285
942	0.02464238	0.02887689	0.02048166	0.02246995
943	0.02056553	0.02241549	0.02407508	0.02781971
944	0.02311977	0.02616507	0.0206494	0.02236103
945	0.02073327	0.02230657	0.02216447	0.02451042
946	0.02133612	0.02305126	0.02081713	0.0222521
947	0.020901	0.02219764	0.02123568	0.02271299
948	0.02121302	0.02249448	0.02098487	0.02214317
949	0.02106874	0.02208871	0.02121933	0.0223206
950	0.02124029	0.02216926	0.0211526	0.02203424
951	0.02123647	0.02197978	0.02127209	0.02203462
952	0.0296232	0.01653338	0.02965306	0.01657932
953	0.02977232	0.01657937	0.02970706	0.01647891
954	0.02979093	0.01642445	0.02989154	0.01657934
955	0.03001081	0.01657939	0.0298748	0.01636998
956	0.02995867	0.01631552	0.03013002	0.01657935
957	0.03024923	0.01657932	0.03004253	0.01626105
958	0.0301264	0.01620659	0.0303685	0.01657937
959	0.03048772	0.01657933	0.03021027	0.01615213
960	0.03029414	0.01609766	0.03060699	0.01657938
961	0.0307262	0.01657935	0.03037801	0.0160432
962	0.03046187	0.01598874	0.03084541	0.01657932
963	0.03096468	0.01657937	0.03054574	0.01593427
964	0.03062961	0.01587981	0.0310839	0.01657933
965	0.03120317	0.01657938	0.03071347	0.01582534
966	0.03079734	0.01577088	0.03132238	0.01657935
967	0.03144165	0.0165794	0.03088121	0.01571641
968	0.03096507	0.01566195	0.03155743	0.01657408
969	0.03166788	0.01656054	0.03104894	0.01560749
970	0.03113281	0.01555302	0.03177375	0.01653996
971	0.03187542	0.01651292	0.03121668	0.01549856
972	0.03130054	0.01544409	0.0319734	0.01648018
973	0.03206772	0.01644182	0.03138441	0.01538963
974	0.03146828	0.01533517	0.03215736	0.01639624
975	0.03224368	0.01634555	0.03155215	0.0152807
976	0.03163601	0.01522624	0.03232679	0.01628992
977	0.03240695	0.01622975	0.03171988	0.01517177
978	0.03180375	0.01511731	0.03248205	0.01616178
979	0.03255371	0.01608853	0.03188762	0.01506285
980	0.03197148	0.01500838	0.03262173	0.01600966
981	0.03268578	0.01592467	0.03205535	0.01495392
982	0.03213922	0.01489945	0.03274589	0.01583364
983	0.03279986	0.01573314	0.03222308	0.01484499
984	0.03230695	0.01479053	0.03284833	0.01562416
985	0.03289036	0.01550528	0.03239082	0.01473606
986	0.03247469	0.0146816	0.03292467	0.0153745
987	0.03294917	0.01522862	0.03255856	0.01462713
988	0.03264242	0.01457267	0.03295809	0.01505876
989	0.03294703	0.01485811	0.03272629	0.01451821
990	0.03281016	0.01446374	0.03292807	0.01464531
991	0.03290917	0.01443259	0.03289403	0.01440928
